hex
bf7ff5df
2d000000
3f7fe19e
1a008000
bf7ff5df
42940000
bf7ff5df
2d000000
3f7fe19e
1a008000
bf7ff5df
42940000
0
0
0
0
0
0
0
0
bf7ff5dc
d4000000
39f30d97
aa004000
3f7fe19e
32008000
bf7ff5df
4e940000
bf7ff5dc
d4000000
39f30d97
aa004000
3f7fe19e
32008000
bf7ff5df
4e940000
0
0
0
0
0
0
0
0
0
0
3f7fff37
3d004000
3a76b26c
96a00000
0
0
3f800000
4000
3f800000
8000
bf800000
0
0
0
0
0
0
0
0
0
0
0
bf800000
a00000
3f800000
a00000
0
0
0
0
0
0
0
0
0
0
0
0
0
0
0
0
0
0
0
0
0
0
0
0
0
0
0
0
0
0
0
0
0
0
0
0
0
0
0
0
0
0
0
0
0
0
