hex
0
0
0
4000
0
8000
0
c000
bf800000
0
3f800000
900000
0
0
0
0
0
0
0
0
0
0
0
0
0
0
0
4000
0
8000
0
0
0
0
0
0
bf800000
0
0
0
0
0
0
0
0
0
0
0
0
0
0
4000
0
8000
0
c000
3f800000
4000
0
0
bf800000
0
0
0
0
0
0
0
0
0
0
0
0
0
0
4000
0
8000
0
c000
0
0
0
0
bf800000
900000
0
0
0
0
0
0
0
0
0
0
ba83125a
96000000
3f7ffff7
fd008000
ba83126d
39940000
3f7fffaf
2e000000
3a7a660b
90008000
b5003446
3940000
0
0
0
0
0
0
0
0
0
0
0
0
398d1aea
52000000
3f7fff87
77004000
340a04af
16008000
0
c000
ae3c70f0
5a940000
398d1aea
52000000
3f7fff87
77004000
340a04af
16008000
ae3c70f0
5a940000
0
0
0
0
0
0
ba83125a
96000000
0
4000
3f7ffff7
fd008000
0
c000
ba83126d
39940000
3f7fffaf
2e000000
3a7a660b
90008000
b5003446
3940000
0
0
0
0
0
0
0
0
0
0
3f800000
4000
bf800000
8000
0
c000
3bb72d27
f1900000
3f7fff89
9f004000
398d1b00
41900000
0
0
0
0
0
0
0
0
0
0
0
0
0
0
0
0
0
0
0
0
0
0
0
0
0
0
0
0
0
0
0
0
0
0
0
0
0
0
0
0
