hex
bf800000
a00000
0
0
0
0
0
4000
0
8000
0
0
0
4000
3f800000
8000
bf800000
0
0
0
3a76a8a7
c7000000
3f7fff2f
eb004000
34ea38d2
28008000
0
c000
0
10000
b41c26c6
65940000
0
0
0
0
0
4000
0
8000
3f800000
8000
bf800000
0
0
0
3f7fe19e
1a000000
0
4000
3a730909
67008000
0
c000
0
10000
0
14000
0
18000
b9f30dd8
4e940000
bf7ff5df
2d000000
3f7fe19e
1a008000
bf7ff5df
42940000
0
0
3f7fffff
d5008000
bf7fffff
eb940000
bf7fffff
eba00000
3f800000
4000
bf800000
8000
3a8d5b10
ea00000
0
0
0
0
0
0
0
0
0
0
0
0
0
0
0
0
0
0
0
0
0
0
0
0
0
0
0
0
0
0
0
0
0
0
0
0
