hex
3f7fff3f
a5000000
0
4000
0
8000
0
c000
0
10000
0
14000
0
18000
0
1c000
0
20000
0
24000
bf800000
900000
0
0
3f7fff3b
c1000000
ba72ce9b
bb004000
0
8000
0
c000
0
10000
0
14000
0
18000
0
1c000
bf800000
900000
3a03316c
e1000000
3f7ffe2a
1e004000
0
8000
0
0
3f7ffe2e
2004000
0
8000
0
c000
0
10000
0
14000
0
18000
0
1c000
3a03319e
d5900000
0
0
0
4000
0
0
0
0
3f7ffe2e
2004000
0
8000
0
c000
0
10000
0
14000
0
18000
0
1c000
3a03319e
d5900000
0
0
0
4000
0
0
0
0
0
4000
0
8000
0
c000
bf800000
900000
0
0
0
4000
0
8000
bf800000
8000
0
0
3f800000
8000
bf800000
0
0
0
bf800000
8000
0
0
0
0
0
4000
3f800000
8000
0
c000
bf800000
0
0
4000
0
8000
0
c000
3f800000
900000
3f7fff37
e0000000
0
4000
3a72cf77
80008000
0
c000
0
10000
bf800000
900000
b4f8a36b
a9940000
ba83123c
6000000
0
4000
3f7ffff8
3b008000
0
c000
ba83126d
44940000
0
0
3f7ffe2e
2004000
0
8000
0
c000
0
10000
0
14000
0
18000
3a03319e
d5900000
0
0
0
4000
0
0
bf800000
8000
0
0
0
0
0
0
0
0
0
0
0
0
0
0
0
0
0
0
0
0
0
0
0
0
0
0
0
0
0
0
